-6.122583746910095215e-01
-1.500310599803924561e-01
-3.118605017662048340e-01
5.633156299591064453e-01
-3.977502882480621338e-01
1.959746032953262329e-01
-3.647768497467041016e-01
4.272437095642089844e-01
1.197057291865348816e-01
2.961876094341278076e-01
3.950275853276252747e-02
2.648927867412567139e-01
-6.310720443725585938e-01
-7.697492241859436035e-01
3.287840634584426880e-02
-7.266156077384948730e-01
4.202163517475128174e-01
-3.127526491880416870e-02
-1.675813198089599609e-01
5.184141546487808228e-02
-6.627134680747985840e-01
1.261286884546279907e-01
-2.982740402221679688e-01
-2.360531091690063477e-01
-2.471643835306167603e-01
-3.572168946266174316e-01
-3.824074193835258484e-02
3.753095865249633789e-01
5.135278105735778809e-01
-1.074795890599489212e-02
-2.272327095270156860e-01
-8.165676593780517578e-01
-6.038094162940979004e-01
-1.677224040031433105e-02
2.441234290599822998e-01
1.166568920016288757e-01
4.298866689205169678e-01
2.124048769474029541e-01
2.839463055133819580e-01
-6.167944073677062988e-01
-4.068137109279632568e-01
2.097847163677215576e-01
6.566837430000305176e-01
5.425949096679687500e-01
-7.263916134834289551e-01
-2.908259630203247070e-01
-2.916120588779449463e-01
3.113032877445220947e-01
1.078206062316894531e+00
9.080863595008850098e-01
-2.058308869600296021e-01
2.167613059282302856e-01
2.062176540493965149e-02
-1.872827857732772827e-01
5.176644921302795410e-01
-1.896219849586486816e-01
-1.311113033443689346e-02
-1.210838381666690111e-04
7.110255956649780273e-01
-3.912463486194610596e-01
4.412635266780853271e-01
-3.815485239028930664e-01
-4.453070759773254395e-01
-2.150375843048095703e-01
-1.155339241027832031e+00
1.236170157790184021e-01
-1.376887857913970947e-01
-6.946186721324920654e-02
-9.642940759658813477e-02
-8.559771627187728882e-02
-3.016083240509033203e-01
5.358891487121582031e-01
9.195534139871597290e-02
-3.217803835868835449e-01
3.625715672969818115e-01
5.189033150672912598e-01
-8.600858449935913086e-01
-6.408148407936096191e-01
8.644341491162776947e-03
1.155204996466636658e-01
1.369815587997436523e+00
3.932128250598907471e-01
5.352872610092163086e-02
-7.632437944412231445e-01
-2.006497979164123535e-02
-6.534286141395568848e-01
-6.312793493270874023e-02
3.931048139929771423e-02
6.091698408126831055e-01
-1.093808412551879883e-01
3.143258690834045410e-01
2.147858291864395142e-01
-4.140748977661132812e-01
1.418173313140869141e-03
-3.025546669960021973e-01
3.751370310783386230e-01
5.418992638587951660e-01
-1.404245615005493164e+00
-2.705246210098266602e-01
4.214951097965240479e-01
-2.311330288648605347e-01
7.247136235237121582e-01
-3.856981694698333740e-01
6.042185425758361816e-01
-1.008833289146423340e+00
-6.798154860734939575e-02
-8.328281044960021973e-01
-1.036261543631553650e-01
1.347133219242095947e-01
1.273184120655059814e-01
-3.340627253055572510e-02
-1.351057291030883789e-01
1.013949606567621231e-02
5.554873943328857422e-01
5.300199985504150391e-02
-8.606007099151611328e-01
1.613958179950714111e-01
-7.149456143379211426e-01
-3.927668929100036621e-01
2.787888348102569580e-01
7.263501882553100586e-01
-4.342108964920043945e-03
4.610854387283325195e-01
2.327009476721286774e-02
-4.413315951824188232e-01
-3.728549182415008545e-01
-1.369018405675888062e-01
1.713533848524093628e-01
2.826398937031626701e-03
-3.000853061676025391e-01
-3.186594843864440918e-01
9.054497480392456055e-01
-6.069101095199584961e-01
1.006080389022827148e+00
-1.161873579025268555e+00
3.551314175128936768e-01
-4.043146073818206787e-01
-3.522819876670837402e-01
1.538186907768249512e+00
-9.369035959243774414e-01
3.238319456577301025e-01
-1.613723933696746826e-01
1.618841439485549927e-01
2.639283180236816406e+00
3.307992815971374512e-01
2.190793156623840332e-01
-1.243090927600860596e-01
-1.594317555427551270e-01
-3.560955524444580078e-01
-1.101835966110229492e+00
-3.824833035469055176e-02
3.195616006851196289e-01
3.145666420459747314e-01
2.376937866210937500e-02
3.957259058952331543e-01
2.901632785797119141e-01
-7.355397939682006836e-02
3.108265697956085205e-01
-2.275278568267822266e-01
-3.398100137710571289e-01
-8.659448623657226562e-01
-4.474556744098663330e-01
-1.109168231487274170e-01
9.740120917558670044e-02
4.429368078708648682e-01
-3.119582235813140869e-01
5.174082517623901367e-01
-7.252402305603027344e-01
1.518187820911407471e-01
-1.675578355789184570e-01
4.554856717586517334e-01
2.520911991596221924e-01
-2.704285681247711182e-01
1.203220710158348083e-01
-2.605691552162170410e-01
-4.541299864649772644e-02
-9.905689358711242676e-01
8.058481663465499878e-02
-3.203431963920593262e-01
-5.342666506767272949e-01
7.077472209930419922e-01
-7.341680526733398438e-01
2.495476305484771729e-01
-3.691372871398925781e-01
3.906696140766143799e-01
3.673396110534667969e-01
1.085673093795776367e+00
-2.175815775990486145e-02
2.925468087196350098e-01
-1.600723713636398315e-01
3.497858941555023193e-01
-9.686698913574218750e-01
-4.644956588745117188e-01
-5.789035186171531677e-02
7.486304640769958496e-02
-2.642403841018676758e-01
-9.033272415399551392e-02
1.249540820717811584e-01
2.049109041690826416e-01
-2.342395782470703125e-01
3.729400634765625000e-01
-5.451694130897521973e-02
-1.671738773584365845e-01
2.663818895816802979e-01
-9.618899971246719360e-02
-3.236643075942993164e-01
1.387970000505447388e-01
-2.870804667472839355e-01
-9.829440116882324219e-01
3.942783474922180176e-01
3.753969371318817139e-01
-5.014618039131164551e-01
3.740848600864410400e-01
-5.102337002754211426e-01
6.167874336242675781e-01
-1.709272027015686035e+00
-3.845459222793579102e-02
-1.960229277610778809e-01
5.198113918304443359e-01
5.924636125564575195e-01
-1.292606234550476074e+00
1.734743416309356689e-01
1.079029142856597900e-01
-1.330436021089553833e-01
-6.088417768478393555e-01
2.960446476936340332e-01
3.859770298004150391e-02
-2.371456623077392578e-01
7.968518137931823730e-02
1.994178742170333862e-01
-3.419849276542663574e-02
-1.064839586615562439e-01
2.291532009840011597e-01
-1.182615756988525391e-02
-7.146629691123962402e-02
2.236297577619552612e-01
-6.206032037734985352e-01
-8.906382918357849121e-01
1.943483203649520874e-01
9.813896380364894867e-03
1.764636933803558350e-01
8.862037658691406250e-01
-7.558229565620422363e-02
2.929534614086151123e-01
-3.311900198459625244e-01
-1.273101091384887695e+00
-2.759394049644470215e-02
-5.219037532806396484e-01
1.461111605167388916e-01
-3.002736568450927734e-01
2.936533391475677490e-01
2.276860326528549194e-01
4.125482738018035889e-01
-4.092571139335632324e-02
-2.721166312694549561e-01
-6.305694580078125000e-02
