2.902443408966064453e-01
3.744135797023773193e-01
-3.790350854396820068e-01
-1.688966155052185059e-01
-1.319404989480972290e-01
3.471624851226806641e-01
8.126975297927856445e-01
4.679705500602722168e-01
6.535677313804626465e-01
5.576589107513427734e-01
2.011096030473709106e-01
7.164835333824157715e-01
-4.975418448448181152e-01
9.828664064407348633e-01
-7.089918851852416992e-02
4.741339683532714844e-01
1.749023944139480591e-01
1.436279714107513428e-01
-9.091898798942565918e-01
7.051073312759399414e-01
-4.322836995124816895e-01
4.744764044880867004e-02
1.341272890567779541e-01
2.463604807853698730e-01
-2.317965030670166016e-01
-2.074172943830490112e-01
3.083819150924682617e-01
2.156910002231597900e-01
-2.155317813158035278e-01
8.799237012863159180e-01
3.051837384700775146e-01
7.353381514549255371e-01
