-1.673510521650314331e-01
2.995094060897827148e-01
4.299157559871673584e-01
1.406389236450195312e+00
-3.546649515628814697e-01
-5.915751457214355469e-01
1.474167704582214355e-01
-3.359761536121368408e-01
-1.299050915986299515e-02
7.183124423027038574e-01
4.590544104576110840e-01
-3.623451665043830872e-02
2.407040148973464966e-01
2.078708708286285400e-01
1.644376851618289948e-02
4.924165308475494385e-01
-9.719905257225036621e-02
-1.986956782639026642e-02
2.286687046289443970e-01
-7.373967766761779785e-02
6.053981781005859375e-01
3.838148415088653564e-01
-4.619548022747039795e-01
-2.888159751892089844e-01
8.427259325981140137e-02
-1.148672342300415039e+00
1.143812835216522217e-01
9.814299643039703369e-02
-1.897423714399337769e-01
3.274053633213043213e-01
3.748353421688079834e-01
-2.542569041252136230e-01
2.977882921695709229e-01
-9.088793992996215820e-01
-7.961422801017761230e-01
6.044879183173179626e-02
5.415657162666320801e-01
4.409590065479278564e-01
-1.738153696060180664e-01
-8.145964145660400391e-02
-3.815141320228576660e-01
-5.339093804359436035e-01
-9.776337742805480957e-01
8.850841969251632690e-02
-1.095947921276092529e-01
7.786961197853088379e-01
2.983278036117553711e-01
-2.370476484298706055e+00
-2.035109519958496094e+00
4.652480483055114746e-01
6.314392089843750000e-01
-2.829086542129516602e+00
1.235928416252136230e+00
-2.834122478961944580e-01
6.015425920486450195e-02
5.219635367393493652e-02
9.899862855672836304e-02
9.249861836433410645e-01
3.328315317630767822e-01
1.192052140831947327e-01
-1.868254840373992920e-01
2.745076119899749756e-01
1.397158503532409668e+00
-1.392790228128433228e-01
-1.566516757011413574e+00
1.640261113643646240e-01
2.222527712583541870e-01
-1.661415815353393555e+00
1.614836215972900391e+00
1.702337026596069336e+00
-1.837256103754043579e-01
4.210108518600463867e-02
2.124560475349426270e-01
-9.450839459896087646e-02
-1.279139637947082520e+00
-9.134430438280105591e-03
-2.530531883239746094e-01
-3.722576200962066650e-01
1.831099987030029297e+00
2.081296145915985107e-01
-3.176501095294952393e-01
3.952293395996093750e-01
2.624145150184631348e-01
-2.523206472396850586e-01
-3.250247478485107422e+00
1.609547883272171021e-01
1.668737232685089111e-01
-2.203482538461685181e-01
5.783285945653915405e-02
-3.150936067104339600e-01
3.811434507369995117e-01
5.822841823101043701e-02
1.232717037200927734e-01
-1.407059133052825928e-01
1.194382011890411377e-01
-2.639144845306873322e-02
3.186593949794769287e-01
-4.117467701435089111e-01
-1.519197225570678711e+00
-3.031063079833984375e-01
-1.610992103815078735e-01
8.919607847929000854e-02
-4.237771928310394287e-01
-4.024094343185424805e-02
-4.450759589672088623e-01
-1.928368210792541504e-01
-5.754868984222412109e-01
4.125474393367767334e-01
5.837541222572326660e-01
3.440408408641815186e-01
-7.886719107627868652e-01
9.487380087375640869e-02
-2.919160127639770508e-01
-9.991483390331268311e-02
2.389862239360809326e-01
-2.780687808990478516e-01
7.111920118331909180e-01
-1.634113788604736328e-01
-6.787173449993133545e-02
-3.452711999416351318e-01
-3.533532023429870605e-01
-1.433592677116394043e+00
3.673172593116760254e-01
-1.434715837240219116e-01
2.630965411663055420e-01
-1.432951837778091431e-01
4.041350483894348145e-01
3.839367628097534180e-02
-2.825470268726348877e-01
4.070444405078887939e-01
3.510324060916900635e-01
-5.330699086189270020e-01
-4.447782635688781738e-01
-1.102558597922325134e-01
-3.703705966472625732e-01
-3.389538526535034180e-01
-2.364178448915481567e-01
6.893426179885864258e-01
2.003482580184936523e-01
-1.185221150517463684e-01
1.536369323730468750e-01
-2.820986211299896240e-01
4.143582656979560852e-02
-1.524066776037216187e-01
3.870662152767181396e-01
2.379569411277770996e-01
-9.085630625486373901e-02
8.286532759666442871e-02
8.674042299389839172e-03
2.599464729428291321e-02
3.103716969490051270e-01
-7.046651840209960938e-02
-4.020260572433471680e-01
-1.988381981849670410e+00
4.718250036239624023e-02
7.226216048002243042e-02
-4.085707068443298340e-01
1.117485240101814270e-01
2.351376116275787354e-01
1.801300048828125000e-01
-1.485966145992279053e-01
2.712476551532745361e-01
1.939193308353424072e-01
-6.264993548393249512e-02
1.117691546678543091e-01
3.308787047863006592e-01
-8.762668818235397339e-02
7.394638657569885254e-02
-4.166058599948883057e-01
-1.380722045898437500e+00
3.683906495571136475e-01
2.576022446155548096e-01
3.093582093715667725e-01
2.968385815620422363e-01
-2.418299913406372070e-01
3.376097977161407471e-01
-3.698182702064514160e-01
-1.498018145561218262e+00
-3.787748515605926514e-01
3.106752336025238037e-01
8.081766963005065918e-02
4.737238883972167969e-01
-1.638001799583435059e-01
-6.739664077758789062e-02
3.684690296649932861e-01
-5.341148376464843750e-01
-4.334482848644256592e-01
-9.528262168169021606e-02
-2.916848361492156982e-01
-1.056556962430477142e-02
-1.304885506629943848e+00
-4.750818386673927307e-02
-7.677080482244491577e-02
-1.013799663633108139e-02
-1.070021748542785645e+00
1.911693364381790161e-01
4.839416146278381348e-01
2.771208286285400391e-01
-1.469296123832464218e-02
-1.765014231204986572e-01
2.940601408481597900e-01
2.455688118934631348e-01
-5.524781346321105957e-01
-2.779520116746425629e-02
3.735769391059875488e-01
-1.338276267051696777e+00
5.638223886489868164e-01
-1.866889148950576782e-01
3.254410922527313232e-01
-6.770855784416198730e-01
-1.192469716072082520e+00
1.871868073940277100e-01
-2.950208447873592377e-02
1.268377006053924561e-01
-3.028987944126129150e-01
-1.525015234947204590e-01
2.541269958019256592e-01
1.439296305179595947e-01
-8.057345151901245117e-01
4.226601719856262207e-01
1.434747725725173950e-01
4.048551619052886963e-01
-1.036033511161804199e+00
8.187780529260635376e-02
-7.193667888641357422e-01
-4.807623922824859619e-01
4.003545939922332764e-01
-4.878091067075729370e-02
3.851411491632461548e-02
2.580893337726593018e-01
1.662898510694503784e-01
9.054192900657653809e-02
-7.379347085952758789e-02
-9.404932260513305664e-01
3.126366734504699707e-01
2.831969261169433594e-01
1.242223605513572693e-01
-3.559104204177856445e-01
3.111794888973236084e-01
9.492442011833190918e-02
-3.437511324882507324e-01
-7.816844582557678223e-01
-5.150220990180969238e-01
-9.487184882164001465e-02
-1.505825072526931763e-01
4.241840839385986328e-01
3.680442571640014648e-01
-1.798208355903625488e-01
2.205374836921691895e-02
1.474022567272186279e-01
-6.171252131462097168e-01
-1.760096549987792969e-01
4.584352672100067139e-01
4.898252189159393311e-01
-1.359469413757324219e+00
-1.636817604303359985e-01
