-1.720768362283706665e-01
-1.728681148961186409e-03
3.127155303955078125e-01
4.285812377929687500e-02
-5.854785442352294922e-01
-2.885852158069610596e-01
1.205341145396232605e-02
-1.128042221069335938e+00
-3.830231726169586182e-02
-4.071066379547119141e-01
9.194303750991821289e-01
6.122452020645141602e-01
1.761966347694396973e-01
-2.211841791868209839e-01
5.928375944495201111e-02
-2.574304342269897461e-01
-2.856983542442321777e-01
-1.234502182342112064e-03
7.184830904006958008e-01
5.538986921310424805e-01
-5.808582305908203125e-01
-6.982704997062683105e-01
3.201510012149810791e-01
-4.944648146629333496e-01
6.202380657196044922e-01
-7.819659113883972168e-01
4.118244946002960205e-01
-8.371907472610473633e-02
-1.756540834903717041e-01
7.260285019874572754e-01
-6.069555878639221191e-02
-6.830084323883056641e-01
